DJI_20260207180831_0007_D.JPG,-125.94,85.86,NaN,-71.70,-60.00,0.00
DJI_20260207173837_0419_D.JPG,-130.40,85.86,NaN,-156.20,-60.00,0.00
DJI_20260206164343_0022_D.JPG,-122.59,92.01,NaN,13.70,-60.00,0.00
DJI_20260206154802_0035_D.JPG,-124.82,81.86,NaN,-131.50,-90.00,0.00
DJI_20260206164344_0023_D.JPG,-125.94,77.24,NaN,13.70,-60.00,0.00
DJI_20260207173835_0418_D.JPG,-127.05,99.71,NaN,-156.20,-60.00,0.00
DJI_20260206154800_0034_D.JPG,-121.48,96.01,NaN,-131.50,-90.00,0.00
DJI_20260207180833_0008_D.JPG,-140.98,89.55,NaN,-71.70,-60.00,0.00
DJI_20260206162443_0669_D.JPG,-130.12,104.02,NaN,96.10,-60.00,0.00
DJI_20260206154805_0036_D.JPG,-128.45,67.39,NaN,-131.50,-90.00,0.00
